---
address: chile.geo.comunaPostalCode
description: Comuna-level Correos de Chile postal code (7 digits, the first three identify the comuna and the rural/whole-comuna form ends 0000); same order as chile.geo.comuna
---
2710000
9650000
4590000
1650000
1130000
5710000
1750000
4650000
6360000
1240000
4490000
4360000
1000000
6000000
9500000
3930000
2050000
6350000
4470000
1390000
5570000
1570000
2290000
9560000
2130000
1040000
1150000
1960000
4390000
5010000
2680000
2480000
5700000
2230000
3690000
9200000
9080000
5850000
3720000
1490000
3120000
4100000
6050000
3780000
3820000
3090000
5040000
5770000
6010000
3990000
5560000
6100000
2900000
3970000
3870000
3010000
3610000
1160000
9340000
4680000
3000000
1890000
4030000
8540000
2510000
3560000
4400000
1530000
1780000
4190000
5190000
5950000
4890000
4700000
9630000
5740000
4370000
4910000
3570000
3340000
5730000
1500000
3020000
8010000
3900000
9810000
2700000
2690000
3540000
4710000
9160000
4170000
4940000
1630000
5600000
5620000
5870000
5180000
5030000
1080000
4960000
2880000
6020000
2310000
5860000
3400000
4600000
4180000
1140000
1640000
8580000
1930000
8380000
1100000
9790000
2770000
2600000
7970000
2280000
3250000
8240000
8780000
1740000
2040000
8820000
7850000
4810000
1700000
5220000
5250000
5960000
6250000
4560000
9380000
5160000
3030000
7550000
4860000
4350000
3410000
2240000
3580000
3240000
2220000
5610000
7690000
9120000
8980000
3140000
4970000
3620000
4690000
4380000
2100000
4440000
5170000
5590000
4760000
1940000
4210000
4740000
2910000
7810000
5200000
9250000
2950000
3260000
1360000
9620000
5150000
3530000
5580000
1310000
4900000
9580000
3380000
1880000
2890000
4530000
4550000
3110000
3230000
4540000
2300000
5020000
4010000
3850000
7750000
6110000
2920000
1420000
2330000
5290000
1840000
9710000
4850000
1770000
5230000
9540000
5880000
3160000
5210000
2210000
2070000
3270000
3630000
8460000
3500000
3710000
3910000
3550000
4150000
9750000
7910000
3170000
4870000
2030000
2990000
1170000
2980000
3220000
3880000
9480000
4950000
3100000
3960000
6300000
1180000
6310000
7500000
2500000
4920000
9020000
8150000
5480000
6160000
5370000
5550000
3150000
6200000
1900000
4750000
5380000
5760000
2190000
1070000
5360000
5780000
5790000
5720000
4520000
8700000
4500000
3940000
2260000
2430000
5750000
2960000
8500000
2490000
4000000
2820000
3950000
3430000
8420000
4670000
8640000
2940000
2930000
3640000
2140000
5240000
3510000
1870000
6060000
5390000
6240000
3370000
5000000
3390000
1950000
2660000
8050000
3840000
3520000
2120000
3860000
2170000
3070000
6260000
3890000
3660000
8940000
9460000
5400000
8900000
4020000
5350000
1410000
4130000
3490000
8860000
4570000
2970000
4510000
3130000
4230000
2200000
8320000
2720000
1320000
9670000
3460000
4260000
1300000
4780000
3360000
4990000
1580000
9420000
6320000
4410000
1340000
4980000
4160000
6120000
4730000
3980000
4480000
5090000
1610000
2340000
3420000
4720000
1760000
4880000
3650000
6500000
4930000
2520000
7630000
3600000
4580000
3920000
2060000
