---
address: el_salvador.geo.zip
description: Salvadoran código postal — the 4-digit Correos de El Salvador scheme (1st digit region 1 central / 2 occidental / 3 oriental, 2nd digit the department, last two the municipality). Real assigned codes only; e.g. 1101 is San Salvador centre
---
1101
1115
1116
1117
1118
1119
1120
1121
1122
1123
1124
1125
1126
1127
1128
1129
1130
1131
1132
1201
1202
1203
1204
1206
1207
1208
1209
1210
1301
1302
1303
1304
1306
1307
1308
1309
1311
1312
1313
1314
1315
1317
1318
1319
1320
1321
1322
1324
1325
1326
1329
1331
1332
1333
1334
1335
1401
1403
1404
1405
1406
1407
1408
1409
1410
1411
1412
1413
1414
1415
1416
1501
1502
1504
1506
1507
1508
1509
1510
1511
1512
1513
1514
1515
1516
1517
1518
1519
1521
1522
1523
1524
1525
1601
1603
1604
1605
1606
1607
1608
1609
1610
1611
1612
1613
1614
1615
1616
1617
1618
1619
1620
1621
1622
1623
1701
1702
1703
1704
1705
1706
1707
1708
1709
1710
1711
1712
1713
2101
2102
2103
2106
2107
2108
2109
2113
2115
2116
2117
2118
2201
2203
2204
2205
2207
2208
2210
2211
2212
2215
2216
2217
2218
2301
2302
2303
2304
2305
2306
2307
2311
2312
2313
2314
2316
2317
2318
2319
2320
3101
3104
3105
3106
3107
3108
3109
3111
3112
3113
3114
3116
3117
3119
3120
3121
3122
3123
3201
3202
3203
3204
3206
3207
3208
3209
3210
3211
3212
3213
3214
3215
3217
3218
3219
3220
3221
3222
3223
3224
3225
3226
3301
3302
3303
3304
3305
3306
3307
3309
3311
3312
3313
3314
3315
3316
3318
3319
3320
3322
3323
3324
3401
3403
3405
3406
3407
3408
3409
3410
3411
3412
3413
3415
3417
3418
3419
3420
3421
3422
3423
3424
3426
