---
address: mexico.phoneAreaCode
description: Mexican area code (LADA), without the 01 trunk prefix — two digits for the three largest metros, three digits elsewhere. Area code and subscriber number always add up to 10 digits.
locale: es
---
55
33
81
222
228
229
246
271
272
294
311
312
314
322
329
341
351
353
354
376
378
381
388
411
415
418
421
427
431
443
449
451
452
461
462
464
465
468
472
473
474
477
492
493
494
496
614
615
618
622
631
638
641
644
646
647
649
651
653
656
658
662
664
667
668
669
671
673
686
687
694
712
722
729
733
735
744
753
755
756
761
762
767
771
777
778
779
782
783
784
789
797
833
834
844
861
862
866
867
868
871
872
873
878
891
899
921
922
924
932
934
937
938
951
953
954
958
961
962
963
964
966
967
968
971
981
983
984
985
987
988
991
992
993
994
995
996
997
998
999
